100 0.5857142857142857
200 0.6285714285714286
300 0.6857142857142857
400 0.8142857142857143
500 0.8142857142857143
600 0.8
700 0.8
800 0.7857142857142857
900 0.7714285714285715
1000 0.8428571428571429
1100 0.8714285714285714
1200 0.8714285714285714
1300 0.8714285714285714
1400 0.8714285714285714
1500 0.8857142857142857
1600 0.8714285714285714
1700 0.9
1800 0.9
1900 0.8714285714285714
2000 0.8857142857142857
2100 0.9
2200 0.9
2300 0.9142857142857143
2400 0.9285714285714286
2500 0.9285714285714286
2600 0.9285714285714286
2700 0.9285714285714286
2800 0.9285714285714286
2900 0.9285714285714286
3000 0.9285714285714286
3100 0.9285714285714286
3200 0.9285714285714286
3300 0.9285714285714286
3400 0.9285714285714286
3500 0.9285714285714286
3600 0.9285714285714286
3700 0.9285714285714286
3800 0.9285714285714286
3900 0.9285714285714286
4000 0.9285714285714286
4100 0.9285714285714286
4200 0.9285714285714286
4300 0.9428571428571428
4400 0.9428571428571428
4500 0.9428571428571428
4600 0.9428571428571428
4700 0.9428571428571428
4800 0.9428571428571428
4900 0.9428571428571428
5000 0.9428571428571428
